packages/ProcessModel/processmodel-0.1.0.tar.gz/processmodel-0.1.0/data/dem.asc
ncols         80
nrows         72
xllcorner         534873.8171
yllcorner         5370963.0198
cellsize         360.0
NODATA_value         -3.4028234663852886e+38
[rows 34 to 50 of 72, columns 0 to 36 of 80]
-7.910176666768172105e+00 -7.909877355228555729e+00 -7.909662284123153420e+00 -7.909470699999173959e+00 -7.909282757334879399e+00 -7.909088266643149900e+00 -7.908895015717349430e+00 -7.908705464403043450e+00 -7.908517067294662084e+00 -7.908330449971301412e+00 -7.908153485038449837e+00 -7.907975620929672544e+00 -7.907799544551766147e+00 -7.907622838957243161e+00 -7.907445280883118599e+00 -7.907267589249752149e+00 -7.907049394892173844e+00 -3.487564089364719955e+00 2.851568616436007630e+01 1.618642583235993584e+02 3.510553569123837292e+02 3.608052421515079686e+02 3.666582851692113536e+02 3.657223183503214727e+02 3.359950617669151711e+02 3.014156346635504065e+02 2.683112202372329307e+02 2.210599982438220081e+02 2.220239638586862725e+02 2.165441444798519797e+02 1.615644703704405174e+02 1.994325429183062397e+02 1.697284982793030110e+02 1.724454139707107174e+02 1.767998420228349516e+02 1.071021242959873092e+02 8.579482803113486966e+01
-7.910239776258022104e+00 -7.910022035150022113e+00 -7.909830409594472478e+00 -7.909642487623841589e+00 -7.909448045012999806e+00 -7.909254669435175522e+00 -7.909065128796377131e+00 -7.908876549189308491e+00 -7.908690162436855076e+00 -7.908513177820926110e+00 -7.908334591453155760e+00 -7.908159206145271902e+00 -7.907981454596878734e+00 -7.907804756088542497e+00 -7.907623336803959901e+00 -7.907409607734281032e+00 -7.907228522442331986e+00 -7.904296765856636320e+00 -7.048395118172987583e-01 1.103718280813857149e+02 2.941799233201621178e+02 2.787814372025003422e+02 2.703558331491768740e+02 2.418519138330468081e+02 1.463983962306066928e+02 1.383532269408811999e+02 1.413979779813972755e+02 1.574749800640907722e+02 1.603664909244685362e+02 1.406785569359458918e+02 1.424114524747696464e+02 1.872069540674036148e+02 1.622002726717886389e+02 1.698970229260034444e+02 2.572007773050447668e+02 9.522885265523855480e+01 8.571097358022765889e+01
-1.100244646801023407e+02 -7.910190176321886035e+00 -7.910002275210648470e+00 -7.909807862345934915e+00 -7.909614403117668502e+00 -7.909424876712296992e+00 -7.909236171125570536e+00 -7.909049958292634130e+00 -7.908872960283637177e+00 -7.908693909226639285e+00 -7.908518923712825277e+00 -7.908340466320875173e+00 -7.908164343680263109e+00 -7.907981632749998546e+00 -7.907769814079058435e+00 -7.907588518985754433e+00 -7.907399109047872798e+00 -7.907198950496599821e+00 -7.794320148559303441e+00 2.015592911172548085e+01 1.223348502923141865e+02 1.493726220340886925e+02 1.388843770854953164e+02 8.622008241714095789e+01 9.809249167184884755e+01 1.382277012797599127e+02 1.382277212797599191e+02 1.885966323411657868e+02 2.181724423947541709e+02 1.857252339698962373e+02 1.296880648318914666e+02 1.683699943111043353e+02 1.445517958568283632e+02 1.618329744956447769e+02 1.994342125034200137e+02 1.303916632674513494e+02 8.333800578498220091e+01
-1.060508158453120728e+02 -1.019666796044078865e+02 -7.910167709197439834e+00 -7.909974191933342169e+00 -7.909784680421806158e+00 -7.909595883084450385e+00 -7.909409805855899478e+00 -7.909232798159989031e+00 -7.909053423910489933e+00 -7.908878684427671502e+00 -7.908699725415978321e+00 -7.908524011048261748e+00 -7.908340714452998021e+00 -7.908130014219545423e+00 -7.907948515666594957e+00 -7.907757977683619544e+00 -7.907558531488383835e+00 -7.907369737122571962e+00 -7.907174697760166460e+00 -2.434575174850770463e+00 1.895382702359090743e+01 6.223512379138192330e+01 4.594451135922446383e+01 6.505079614970945556e+01 1.124757943396331541e+02 1.875246966332296665e+02 1.599410312294562004e+02 2.365781471533667570e+02 3.192664490415338605e+02 2.566208789803389436e+02 1.259252570937444062e+02 1.410986096522117919e+02 1.249608917053045332e+02 1.352118970280984342e+02 1.507407805382742652e+02 1.257748339810545843e+02 8.262597284719984714e+01
-7.910120845679196044e+00 -9.797902886928343946e+01 -9.388033354279353659e+01 -7.910144523247384818e+00 -7.909955656333203855e+00 -7.909769687689555795e+00 -7.909592672668663837e+00 -7.909413061005023060e+00 -7.909238479104030439e+00 -7.909059149335541328e+00 -7.908883737086068066e+00 -7.908700140257812095e+00 -7.908490208431415702e+00 -7.908308512476814656e+00 -7.908117100420155587e+00 -7.907918262510891694e+00 -7.907726981212106487e+00 -7.907530806471727125e+00 -7.907335305326663288e+00 -7.907131573433177962e+00 -3.216339825488704340e-01 1.963511258470274967e+00 8.585405868410131092e+00 7.452191996878765679e+01 1.013725814413740380e+02 1.687760249972343445e+02 1.415040511086014590e+02 1.912278576990341037e+02 2.823567530546589524e+02 2.281783312410921667e+02 1.187249043493881118e+02 1.259664310975508243e+02 1.107191197932831130e+02 1.211241224284421918e+02 1.156467107347220491e+02 9.349310990157624701e+01 8.046175967146585606e+01
-7.909997629736584379e+00 -7.909873621571859026e+00 -8.996127255117009724e+01 -8.582564089775233640e+01 -7.910098586007943133e+00 -7.909933367516607916e+00 -7.909769573791202824e+00 -7.909598681184303537e+00 -7.909418688583870427e+00 -7.909243507529339468e+00 -7.909059604408827937e+00 -7.908860707306003768e+00 -7.908668509408997238e+00 -7.908476400294920161e+00 -7.908278075219555170e+00 -7.908086028754172325e+00 -7.907886497074835042e+00 -7.907676597988627876e+00 -7.907440835059088791e+00 -7.907287809941851542e+00 -1.564078884805514269e+00 2.256003546409135030e+00 1.998917718155365009e+00 2.005146996523765424e+01 7.153931024339463818e+01 1.129528627059647050e+02 1.183071551239440851e+02 1.401514326905942482e+02 2.293483306542352409e+02 1.927790649529659390e+02 1.078513948918136407e+02 1.235529425281830100e+02 9.839218799042332364e+01 1.018505444927595818e+02 9.241814868678535788e+01 8.189997388403708101e+01 7.855881144864366661e+01
-7.909875031372433085e+00 -7.909649481696258810e+00 -7.909753811833573067e+00 -8.162616789182759192e+01 -7.732730900078145453e+01 -7.909972605445024563e+00 -7.909829891559401638e+00 -7.909679155061644096e+00 -7.909558280687281950e+00 -7.909390768214557887e+00 -7.909182670607084908e+00 -7.909004715879103031e+00 -7.908792855827273982e+00 -7.908603864213086254e+00 -7.908422070675467985e+00 -7.908214982599472975e+00 -7.907988547089709108e+00 -7.907748555882235131e+00 -7.907592151784077039e+00 -2.238629888497767784e+00 1.697111538842197787e+00 1.975986573708828020e+00 2.023630181730923461e+00 2.175075341317322497e+00 4.442561434291202005e+01 6.778681485747250690e+01 1.031673259232267696e+02 1.009351484277028561e+02 1.631479500022400089e+02 1.368627234342536951e+02 9.728261599916569935e+01 1.136678922103055243e+02 9.051498560406966476e+01 8.979196883919864547e+01 8.101060786967755689e+01 7.770580211088929445e+01 7.764400018312107932e+01
-7.909762774302714128e+00 -7.909482452177018175e+00 -7.909523103539819466e+00 -7.909642194950228244e+00 -7.359611108719579420e+01 -6.892835702503231232e+01 -7.909830836442027113e+00 -7.909704450760322914e+00 -7.909556528092491767e+00 -7.909398087437857328e+00 -7.909302792233417811e+00 -7.909088379578219197e+00 -7.908848748168736620e+00 -7.908648070805941011e+00 -7.908476831380260030e+00 -7.908289172650839305e+00 -7.908056212541016983e+00 -7.907896640262499055e+00 -7.907617895280898423e+00 -6.119729481204045918e+00 1.732325688665060204e+00 2.158140071313481290e+00 2.572261196612442902e+00 2.563824418581736708e+00 3.485854722972684172e+00 4.122010360122397543e+01 7.998299659691500096e+01 8.696064855869653343e+01 9.763535979595071979e+01 1.003510135809580532e+02 8.343582733782375271e+01 9.852385577932612648e+01 8.524984640477988762e+01 8.043340604573937469e+01 8.117900469970703625e+01 7.764096225085361880e+01 7.762970321969191900e+01
-7.909687478866159971e+00 -7.909356359792497848e+00 -7.909298565848291496e+00 -7.909408384076660248e+00 -7.909530670564696386e+00 -6.557903299742237380e+01 -6.072528545408854939e+01 -7.909708618079879017e+00 -7.909540959955388750e+00 -7.909453218608021530e+00 -7.909301953234470162e+00 -7.909137686254360311e+00 -7.908941741173824980e+00 -7.908717477723476996e+00 -7.908515168714612464e+00 -7.908318865195261615e+00 -7.908203019734592054e+00 -7.907926128467074989e+00 -7.907749397174307582e+00 -8.221609889051584297e-01 1.668955380598468707e+00 2.461967162369569362e+00 2.818290609585631046e+00 2.861736056766554182e+00 2.779717548504029079e+00 8.356585041044549911e+00 5.022833968359407919e+01 6.864302437123690481e+01 8.472448444066655782e+01 8.680195764008378490e+01 6.829028053050771518e+01 8.781831325091262386e+01 7.663109792314320146e+01 7.627636359585368098e+01 7.941845639032948156e+01 7.764149950019805146e+01 7.764281171337890441e+01
-7.909454014947903566e+00 -7.909231531321155195e+00 -7.909074831193663613e+00 -7.909176233349808349e+00 -7.909303885263224920e+00 -7.909428866760276122e+00 -5.758312818375972597e+01 -4.713019121951150225e+01 -7.909599381443501720e+00 -7.909443568464500807e+00 -7.909294878698351461e+00 -7.909155925210005655e+00 -7.909009284071144563e+00 -7.908808108080457089e+00 -7.908559084963358465e+00 -7.908422807663434639e+00 -7.908168433405058373e+00 -7.908082121143131360e+00 -7.358768626115857359e+00 1.509475055613163752e+00 1.806399239451601080e+00 2.095113026324799232e+00 2.756760820167479142e+00 2.931495461801551183e+00 3.019826709560508249e+00 6.750340425704380642e+00 2.719918446117343436e+01 5.421920206431513378e+01 7.763911843398224732e+01 7.458202770698113682e+01 6.063095482266107439e+01 8.081803736567454166e+01 7.077282645214182821e+01 8.001491765396133360e+01 7.963638298488938005e+01 7.765949923819999867e+01 7.964643721620505801e+01
-7.230431489821351754e+00 -7.733088311808917759e+00 -5.330151846608619515e+00 -7.458436915246713816e+00 -7.293792604333668272e+00 -6.535392372685309148e+00 -5.814842692004409841e+00 -4.911790183873070248e+01 -7.909674273423991764e+00 -7.909449066418689611e+00 -7.909298004574812246e+00 -7.909164278559078554e+00 -7.909021967101389272e+00 -7.908854098036488978e+00 -7.908714848444819978e+00 -7.908409484168389625e+00 -7.908272342909373975e+00 -7.907924243704198553e+00 -5.006645164273795245e+00 1.537314742135096335e+00 1.593562312070322395e+00 1.940582195546412425e+00 2.216385795961301586e+00 2.999949429487648533e+00 3.552846454418176148e+00 6.975982070309748373e+00 9.777059544924107115e+00 1.639291851092875518e+01 2.693964731151644543e+01 3.700284349152359908e+01 4.923285509470183285e+01 5.574699103134002343e+01 6.178151253544563559e+01 8.048011609799171140e+01 7.767577921443142941e+01 8.116689913528520606e+01 8.940291242957199813e+01
2.640139170684272507e+00 3.573524327806100853e+00 1.887765833394280612e+00 2.016183209314287073e+00 2.033718009784105885e+00 2.036665312780757020e+00 1.557116050391622597e+00 -7.475811957087618254e+00 -4.153761151629944948e+01 -7.909525471066583435e+00 -7.909316004344178808e+00 -7.909165781111242133e+00 -7.909009265089376406e+00 -7.908931427595259578e+00 -7.908705673788900548e+00 -7.908561953813666889e+00 -7.908243114381754424e+00 -4.218560747087456875e+00 1.326771842256941225e+00 1.411151631075793000e+00 1.438024389491063149e+00 1.628496177927188926e+00 2.166777379762129030e+00 2.727314159742309396e+00 3.573462736795641526e+00 3.664026808795832313e+00 3.630901759998356226e+01 7.869229680329121379e+01 8.024419382519012345e+01 4.118096027799472125e+01 4.612731924511737702e+01 7.870998724875576613e+01 7.940915824332859074e+01 7.930239807703814847e+01 7.808908717405626021e+01 8.336105881803294437e+01 9.431817827376073637e+01
2.260179267870706354e+01 3.067455911484332276e+01 3.480670217954195778e+01 2.406776375081699371e+01 6.146337749021338226e+00 2.190445152127771244e+00 1.910241675446505694e+00 8.877759391070960682e-01 -3.665268692521113536e+01 -3.351871575769914813e+01 -7.909384834198444736e+00 -7.909160721720846610e+00 -7.909071223915145055e+00 -7.908857241545422134e+00 -7.908778871711742653e+00 -7.908477331313525482e+00 -7.891977827646111443e+00 1.289181187126598349e+00 1.487534679992724040e+00 1.404365431405622422e+00 1.464908393059703995e+00 1.580792375257720428e+00 2.067015730437442134e+00 2.493862441795470009e+00 3.621030550446065810e+00 3.581740790664022622e+00 5.310615759865386032e+00 6.604801096947365124e+01 7.856535862376854595e+01 8.234922169032448380e+01 7.641676503861633307e+01 8.164241928019261252e+01 8.052903197413409941e+01 7.992000381753064175e+01 8.340741015675310166e+01 8.920975303201667828e+01 9.976074408912494107e+01
2.140150233504553512e+01 3.508020188210683443e+01 3.924595947168523935e+01 3.323024543550248922e+01 2.642213481118706042e+01 2.125153061703161228e+01 7.794057904186955099e+00 3.477177700456957066e+00 -7.618834951933662225e+00 -2.909815483183410834e+01 -2.494256966180934754e+01 -7.909288259095918150e+00 -7.908908375199113827e+00 -7.907224803643001287e+00 -6.040141525486142804e+00 -6.057591766685890278e+00 -4.934070811019615199e+00 1.586040676515157566e+00 1.592212829225453818e+00 1.625884660289606432e+00 1.547174476599395776e+00 1.544207826885565904e+00 1.573315109151686153e+00 2.344985222803329883e+00 2.851426147555712554e+00 3.597340677704755851e+00 4.919127938140342771e+00 5.014371572095294027e+01 7.061532557875575833e+01 8.282244411285830665e+01 8.395767709881693008e+01 8.443244620799529798e+01 8.611788315304485764e+01 8.150339388873663893e+01 8.974895997975814055e+01 9.367047446527584498e+01 1.020120499046043108e+02
-3.673692190791245427e+00 6.724904118872214731e+00 1.749082030551457478e+01 2.192182443922537161e+01 8.069379661462452447e+00 7.899825275536993985e+00 9.267621996916555194e-01 3.455464714709902130e-01 -9.594781729482819710e-01 -7.876543660968501115e+00 -2.102301356973630320e+01 -1.694087104945779743e+01 -7.898678051671348399e+00 1.411592574373161435e+00 1.116242943896308404e+00 1.303698378429176019e+00 1.803709196259989378e+00 1.991954836546460106e+00 1.793053933074076900e+00 1.892693904949233952e+00 2.220039667650949955e+00 2.322243854140162433e+00 1.725451475981722327e+00 1.732300166643138795e+00 2.282415156354624663e+00 3.575661819801303931e+00 3.667255459423649722e+00 3.218752661814789917e+01 6.356710525862543903e+01 7.835827547122360670e+01 8.206846729502338178e+01 8.606684386898520245e+01 8.490038862697440436e+01 8.591213648796542657e+01 9.853991798476992869e+01 1.040919469393781611e+02 9.884043710484546352e+01
-7.909531229974811062e+00 -7.909177853171687644e+00 -7.794307571833392956e+00 -6.588529782274797242e+00 -1.559532193049975701e+00 1.494462648044191155e+00 1.040525565759590432e+00 1.274122103160736375e+00 7.028479477429901978e-01 -5.379097887269399969e+00 -7.909291128218173483e+00 -1.305486848282581569e+01 -9.383708874455194859e+00 1.683105272694194854e+00 1.639670542377923201e+00 1.444204084594857829e+00 1.739626681105463923e+00 2.043795275261485855e+00 2.188749496950281870e+00 2.217843204419083225e+00 2.422783864724667335e+00 2.574055954926780299e+00 2.803332140043579113e+00 2.831620958660002074e+00 2.953247829460654117e+00 3.977029971028801736e+00 4.071675577630652576e+00 1.181514754283879398e+01 5.700142092314094810e+01 7.018805569189107985e+01 7.803587275863246475e+01 8.267367318554138933e+01 9.110805093965159074e+01 9.147406602806691467e+01 1.056611923544590610e+02 1.082436986302864455e+02 9.713235821950955540e+01
-7.909607012838382190e+00 -7.909273693083552104e+00 -7.909013446824083360e+00 -7.908682613446859300e+00 -7.838398273978219422e+00 1.363321593922719677e+00 1.573284420647023563e+00 1.349553394420031971e+00 8.951711294210451531e-01 5.551971345672725988e-01 -2.981323142490354794e+00 -7.419948210993841720e+00 -7.490994041718153973e+00 -6.332667872753989791e+00 1.652187000855591448e+00 1.602726847509294839e+00 1.585201721359789317e+00 1.757952796407084683e+00 1.651709485148975087e+00 1.878986741299712993e+00 1.686658389341989750e+00 2.064171946003622082e+00 3.229948253508064582e+00 3.240079741287175796e+00 3.875180197763719914e+00 4.423543308889670733e+00 3.921528092368480323e+00 4.450068953251438586e+00 4.731378746628761434e+01 6.288244050137259222e+01 7.134310147302878136e+01 7.754311857287515863e+01 8.680070972377710348e+01 9.401556761144048835e+01 1.039524920873417813e+02 1.017692053579931866e+02 8.634491939853099041e+01
