packages/ProcessModel/processmodel-0.1.0.tar.gz/processmodel-0.1.0/data/dem.asc
ncols         80
nrows         72
xllcorner         534873.8171
yllcorner         5370963.0198
cellsize         360.0
NODATA_value         -3.4028234663852886e+38
[rows 34 to 50 of 72, columns 37 to 73 of 80]
7.150894951474334960e+01 6.936717707620580597e+01 7.902741050886702112e+01 8.755388423950047638e+01 8.631445960421925179e+01 9.352781905641981552e+01 1.487381397861364576e+02 2.202271893402730427e+02 2.956174790626106414e+02 3.562191690527092760e+02 4.096181161757819496e+02 4.300054679904409340e+02 4.176501705450392024e+02 4.290811040018745643e+02 5.133253695992009398e+02 5.693342231711018258e+02 5.940864632054378944e+02 5.671212748462369291e+02 4.484157638639433117e+02 4.440765385148332030e+02 3.874471449960327050e+02 2.892491180091458318e+02 1.737419362198338035e+02 1.049337391020621908e+02 7.391627746536009624e+01 7.686006712796948648e+01 9.681103095035703632e+01 1.688475611376561005e+02 2.249575896866020059e+02 3.391566721598307481e+02 4.447608864940248168e+02 5.292762493101186010e+02 6.182500250024115758e+02 7.280581039583187248e+02 8.465686208158393811e+02 9.915468078993505969e+02 1.147405199607021814e+03
7.033502309941469832e+01 6.884031036457662367e+01 7.509769004713488982e+01 8.384455677009529495e+01 8.310003097129197158e+01 8.744316385084806598e+01 1.209707119058234923e+02 1.925416238946677367e+02 2.608455978094362990e+02 3.042940751201876992e+02 3.708118766820486485e+02 3.941524447447864645e+02 3.715693121281793765e+02 3.447085421250834543e+02 4.373613776900905918e+02 4.843443601163862127e+02 4.652550862862941017e+02 4.699055766687053506e+02 3.971393709592571213e+02 4.080983625717991572e+02 3.293244313526706719e+02 2.385988572508307755e+02 1.424449005157994179e+02 8.334387338736608797e+01 7.275754586388951850e+01 7.952726017713096951e+01 1.079810590146975215e+02 1.620702123748022245e+02 2.403496600486291186e+02 3.784942924429177538e+02 5.061858597453842776e+02 6.053242422864327636e+02 6.872996023090069002e+02 7.845141840070685930e+02 8.822671012866358069e+02 1.016953137230025391e+03 1.151381762275511392e+03
7.802949373786199772e+01 6.875058398344147292e+01 6.873628676099095003e+01 7.794767738563773207e+01 7.871900488513927030e+01 8.027951065952028387e+01 9.779891783708636410e+01 1.558334598203328198e+02 1.977953247025301380e+02 1.989872136134200957e+02 2.925369649559560230e+02 3.227194132252811301e+02 3.215674029804209226e+02 2.631618121141708002e+02 3.153445464254451167e+02 3.427070032891003279e+02 3.517873596747904799e+02 3.579678345544414810e+02 3.324004804000823583e+02 3.314779475494039502e+02 2.731215806133978958e+02 2.086189881178090104e+02 1.090168772159588144e+02 7.094778245106776637e+01 7.270356072806931991e+01 9.836671678282134224e+01 1.203434760094653768e+02 1.572912119171374172e+02 2.305686625961575942e+02 3.608568820749869133e+02 5.068518490336853688e+02 6.139309173431967110e+02 7.262347454833984557e+02 8.243475889385538267e+02 9.302891718519581445e+02 1.034620862827539440e+03 1.146909855782281511e+03
8.132263500149774416e+01 7.834405082989842128e+01 6.857036758918756902e+01 7.582121572034722590e+01 7.711873488613620964e+01 7.528222631026169154e+01 8.535029802099015228e+01 1.049085621321057289e+02 1.234671925852121461e+02 1.445456102987736529e+02 1.995305470518379991e+02 2.379797684615714388e+02 2.371292344868373050e+02 2.015034334887953094e+02 1.728173395718537222e+02 2.362648623978819273e+02 2.239157007683957943e+02 2.473001492571054030e+02 2.258795451683430429e+02 2.443692309452667928e+02 1.832318211343290386e+02 1.516635519493205493e+02 7.037109416608538481e+01 7.132954261205019009e+01 8.747183714721073500e+01 9.900591858723247185e+01 1.223460749198036268e+02 1.515782283834648752e+02 2.641963628202011023e+02 3.359237549499895863e+02 4.363185794485805218e+02 5.595968050514593415e+02 7.048769730277683720e+02 7.864915366372246126e+02 9.136885955861324646e+02 1.011887624274699533e+03 1.108279576438080085e+03
8.765784769868879778e+01 7.227781693709179933e+01 6.621039925434864415e+01 6.412584331149275840e+01 7.794744006738662279e+01 7.247575328356168711e+01 7.872787089020798135e+01 8.440920690074942456e+01 1.039830152818997959e+02 1.017409409352530361e+02 1.187804287827170242e+02 1.498399198829460204e+02 1.616792327625554151e+02 1.923805700483776207e+02 1.338817046099119352e+02 1.626211703478709012e+02 1.673028337675856108e+02 1.463954855566732078e+02 1.633475047195506420e+02 1.373539874909284322e+02 1.272173324665974832e+02 9.644247770283314480e+01 6.945784825527529449e+01 7.557092965978121413e+01 9.878678612361645150e+01 1.155462949312259440e+02 1.194618212178152135e+02 1.473362899019072643e+02 1.940604777467101485e+02 2.432347517954439695e+02 4.293492925065901886e+02 5.039645408326713323e+02 5.973103064334753753e+02 7.340694295841202575e+02 8.860268202414879397e+02 1.007734349633334432e+03 1.100463247333458185e+03
8.831074554839570112e+01 7.987791926967931033e+01 7.855201407584243611e+01 6.133543439961727017e+01 6.817900737928613353e+01 7.061414256838074266e+01 7.911536671591639447e+01 8.203865645418537156e+01 8.761605010462550069e+01 8.499867855171693520e+01 9.037092290166540920e+01 9.922178897406178066e+01 1.168083338146698367e+02 1.504111054729782495e+02 9.371373940851410111e+01 1.053770687165626185e+02 1.336846616070969560e+02 1.120534575158605151e+02 1.398691442514382004e+02 1.156343830636059522e+02 1.036613022631556618e+02 7.974060960667220854e+01 6.644445125077926662e+01 7.212689587489332155e+01 9.013445248136510202e+01 1.102275585888751124e+02 1.361295974848745516e+02 1.719818278372287637e+02 2.999701635293313871e+02 2.822111027908166534e+02 3.251139136646922907e+02 4.014643907351493795e+02 5.369647238593162228e+02 6.978094413309016772e+02 8.578845685665215797e+02 9.647706751261074487e+02 1.077976708419311535e+03
8.031128837056307646e+01 8.320918821486986872e+01 7.888653228594142774e+01 5.895928267638004883e+01 7.513029799257137142e+01 7.428163764264209590e+01 7.808594161133083844e+01 8.010987464357057775e+01 8.178933654355974170e+01 7.895241471299796387e+01 8.576606103126366065e+01 7.936675360081325437e+01 9.754221067985058369e+01 1.159188788148876625e+02 7.381884748755899750e+01 7.534660611113486084e+01 8.496215181830837082e+01 1.068792432984097758e+02 1.280371878826022964e+02 1.256903275039994554e+02 9.049475082602560860e+01 7.909353082941431978e+01 6.487808917308663581e+01 6.362976612535907606e+01 8.378356474330023218e+01 1.109561605500966124e+02 1.199158925981722916e+02 1.989594664898985457e+02 3.459945355674996108e+02 4.538670773348965213e+02 4.726083120000267286e+02 4.341715809990941466e+02 5.200778220666090874e+02 6.346428736686215188e+02 7.598329753798694810e+02 9.025463769144608932e+02 1.041277087955413208e+03
7.785822487223880728e+01 7.835423980065547767e+01 7.530427651841047521e+01 5.694436358533403819e+01 6.955784453548018575e+01 7.295355226050178032e+01 7.962188701105189637e+01 8.782354496800621746e+01 8.379497670970410184e+01 6.820525265001384696e+01 6.241673827184229140e+01 6.745975112653603389e+01 6.506247210851094565e+01 8.452583740429277270e+01 6.588485551040611199e+01 6.246418811743311750e+01 7.774307837267480181e+01 8.887819898277621178e+01 1.104101608563401271e+02 1.111785284388135011e+02 1.002997585902097484e+02 6.777017588020240169e+01 6.255435303671902858e+01 6.347177254562623716e+01 8.625569836384471500e+01 1.035105544548281387e+02 1.169121399427547772e+02 2.114208431114451230e+02 3.602289689818238685e+02 4.888359693192239206e+02 6.007236619334606758e+02 6.034732191342744727e+02 6.003188513497938175e+02 6.320727271577612782e+02 7.597838702321945448e+02 8.867891816990934331e+02 1.028197326722415937e+03
7.103617165089539753e+01 6.152586966675115576e+01 5.497030844566443619e+01 5.599800886281035162e+01 6.492160124691986312e+01 8.064134125982590717e+01 8.694965015431198196e+01 9.758190689210567825e+01 8.668379455992553062e+01 9.686049433840980782e+01 5.590929108977231721e+01 5.056669662068696169e+01 5.158876308603852578e+01 4.745718598113640496e+01 5.240152748194269350e+01 5.722770981467441942e+01 5.732848558552921503e+01 6.053233939245330930e+01 8.840352611200279398e+01 1.064557411899531303e+02 1.126129818360239909e+02 6.126543393096753221e+01 6.085883799304814090e+01 6.333622637782364961e+01 8.783491746250159338e+01 1.024969335232716787e+02 1.150625917042576560e+02 2.397609472509675470e+02 3.956637200291324916e+02 5.382080791799602366e+02 6.538730616435468619e+02 7.080500851712486110e+02 7.514722285465823006e+02 8.185646722549782908e+02 8.990623281721506146e+02 9.715007674684140966e+02 1.038694304670212659e+03
8.482532920807385324e+01 5.141783868741794805e+01 5.402182185902788092e+01 5.941866360574732653e+01 7.630953334492622275e+01 9.192766642730508408e+01 1.013898789965321896e+02 1.032477667283661447e+02 7.978799941003191520e+01 4.173859755734574151e+01 4.329523921849566648e+01 4.660763964377993318e+01 4.130215730316031397e+01 4.300970916341499617e+01 4.375599136900887487e+01 4.394744926778366789e+01 4.866519715328226425e+01 5.023204464653193924e+01 5.951098280407205721e+01 8.033509683419349301e+01 8.102951911598853485e+01 5.920050510845428704e+01 5.961469586817677424e+01 6.959947745953114406e+01 9.122251784482138248e+01 1.021312239200268834e+02 1.343527792650675394e+02 2.173402521198131012e+02 3.459062621270725231e+02 4.924291386526030010e+02 6.204164200269165121e+02 6.972761511488623682e+02 7.533372139578860924e+02 7.980828187054324871e+02 8.649353935443884893e+02 9.505669180276510133e+02 9.934240829062121065e+02
9.608807642428436679e+01 4.863486233587402552e+01 5.275992922489552228e+01 6.755719948825968402e+01 8.082570287202888437e+01 9.942727492027675851e+01 1.137917118287508771e+02 9.838945602714811400e+01 5.953694236067482848e+01 3.941297875148619312e+01 3.694730279530382688e+01 3.894436284417998451e+01 3.929685966167390632e+01 6.206745543500785089e+01 6.730545492279509290e+01 4.463454632037485226e+01 4.609675941708832170e+01 4.703335719288439520e+01 5.530565520433869864e+01 6.482429890026634212e+01 7.287503544697250391e+01 5.775373602916726412e+01 5.833135323417205598e+01 6.583711066947002166e+01 1.000778312607511396e+02 1.016985795916777420e+02 1.334457908113474502e+02 2.123199883669161068e+02 3.425465060342666561e+02 4.133311747097521334e+02 5.276033275095328463e+02 6.155457625035716092e+02 6.873885259306832722e+02 7.404179392578275838e+02 7.999390628713908882e+02 8.383015679729418252e+02 9.251790253854828734e+02
1.055736674757450544e+02 4.700645254920423355e+01 4.688719194308641391e+01 7.238861658414265321e+01 7.760692484138041891e+01 9.434906805215986481e+01 1.088810297538847465e+02 7.677033323527057007e+01 3.549346681778587254e+01 3.433659338243341352e+01 3.431772901603038406e+01 9.085933656213188669e+01 8.293469709431965953e+01 8.476196812193336427e+01 8.761784924620720005e+01 7.634134237466109596e+01 4.607784728034337718e+01 4.728452395823807564e+01 4.961197380948321012e+01 5.887587776264889072e+01 6.920382836290038142e+01 5.487376144104195674e+01 5.689544260275175702e+01 7.160901060638322235e+01 9.571505998870402721e+01 9.998953782157940395e+01 1.164379409136990375e+02 1.706413247762025378e+02 2.532206175642161554e+02 3.566215319941993585e+02 4.325639860078886159e+02 4.575060911219455306e+02 5.745216344092067402e+02 6.584767194679486693e+02 7.079746043597081098e+02 7.198950398282333936e+02 7.756215426806962796e+02
9.236538094642178010e+01 4.424917524785323764e+01 6.753881822235427990e+01 7.908417308948791913e+01 8.092774986438064388e+01 9.255926907208223042e+01 1.051260495149479510e+02 5.466208612202294859e+01 3.346250489905862935e+01 3.233825176677483881e+01 3.324840485754959474e+01 7.823203027688889222e+01 7.747794944235656089e+01 8.998080914704695488e+01 1.042165756029763486e+02 9.951873748353747828e+01 4.728859274232874554e+01 4.757133495547689250e+01 4.821748402691461166e+01 5.125728448690068006e+01 5.198865830931691079e+01 5.328315533488776623e+01 5.853374531930553815e+01 8.403465838907652596e+01 9.284466290957382739e+01 1.050753069583782775e+02 1.248989563154119651e+02 1.418275199099954307e+02 1.954839946689890269e+02 2.829259978008877852e+02 3.613561600026483802e+02 3.622156702943241271e+02 4.408646871195882113e+02 5.191424163283925282e+02 5.854280048469030362e+02 6.330551771463010482e+02 7.441910743184653256e+02
8.773432763477546814e+01 4.157991488292645244e+01 3.922617573732988916e+01 8.323968868730652559e+01 7.456510365746822799e+01 8.314386386653769989e+01 1.029106111245002211e+02 5.994892606648268440e+01 3.252671437778860764e+01 3.215550778026494072e+01 4.832746358058357572e+01 5.267412217472975300e+01 6.121480464363364149e+01 8.260328892709115678e+01 1.068318328485764255e+02 1.089813559807024035e+02 1.091373677862040665e+02 1.104496101043822733e+02 4.878873235821422583e+01 4.990412750421057808e+01 5.172929242506189951e+01 7.420928483683194088e+01 9.581378721481237903e+01 1.012234010925534875e+02 9.289854191362546487e+01 1.107616789814963170e+02 1.142634966059861199e+02 1.222428939169819557e+02 1.598996759788876432e+02 2.401771374084974582e+02 2.838861867296981245e+02 3.115461826261444003e+02 3.405309596109322001e+02 4.261038159650333910e+02 5.224482650383846476e+02 6.484950680748603418e+02 7.675155023309367834e+02
8.373487985477109419e+01 7.735695204432136052e+01 3.442919248771761431e+01 3.021594456747714119e+01 6.488331586423898045e+01 6.537183808876343960e+01 8.795493365107355999e+01 7.873195341092730359e+01 3.142938972775728601e+01 2.882100823672059065e+01 3.362540775499793000e+01 4.032153395773601545e+01 4.951338228785738238e+01 8.809737162728423243e+01 8.832857842137771343e+01 9.822509342468890736e+01 1.001202207231688561e+02 1.003960096276324663e+02 1.048295531347053213e+02 1.018412132400661676e+02 9.683046095127309627e+01 1.000841551625203749e+02 9.867043002082397152e+01 9.989959198360432424e+01 9.404871819297042634e+01 1.085647427926721349e+02 1.109380083845272651e+02 1.161664451739755037e+02 1.372274001940690766e+02 1.816924275650471827e+02 2.185828405905739942e+02 2.693292594000515692e+02 3.094094341793983176e+02 4.767624037763513911e+02 5.872731034144882187e+02 6.658499597378335011e+02 7.542243449560006638e+02
8.144064482765132595e+01 7.522305182966478299e+01 5.919666583770881374e+01 2.780797143057165499e+01 7.275795948353642473e+01 4.540525555960595483e+01 5.982765237312015927e+01 6.778054156789974627e+01 5.753923682962037134e+01 2.671495275859110663e+01 2.970743101163117927e+01 3.180292011938589880e+01 3.468180638330269261e+01 7.404123617375938693e+01 6.392644421677263722e+01 6.730842958181354163e+01 8.054119024237219548e+01 8.298919763567597840e+01 8.379428954137301844e+01 8.894326742645185391e+01 9.685888197636188579e+01 9.945312327407697239e+01 9.910823490649553946e+01 9.869112402675213502e+01 1.042308637860094223e+02 1.022659828884044941e+02 1.068251479529872370e+02 1.102439936861974843e+02 1.229742245814689312e+02 1.450873168915341296e+02 1.908307556686538362e+02 2.415299506093284947e+02 3.237216458051632344e+02 4.354108490420426847e+02 5.565262942311089773e+02 6.343559051461683111e+02 7.139868950871648394e+02
7.769902310116860633e+01 7.956483805945160270e+01 3.283942525749564112e+01 2.413317020915574318e+01 2.475819543798607825e+01 2.707032236944095516e+01 2.987479076554687651e+01 2.809649009056685642e+01 4.404715160085905978e+01 2.626186111641213472e+01 2.594568892046068243e+01 2.714342813699213508e+01 2.936537876980285589e+01 4.298111823642913265e+01 5.359699972881708163e+01 7.069388164692176701e+01 7.675824563317547700e+01 8.359464205642210288e+01 8.373842941812135621e+01 9.014554958791161710e+01 8.994814280483890911e+01 9.495859387927887951e+01 9.563473780696735105e+01 9.844308653782576357e+01 1.007514842841404885e+02 1.015131991007885546e+02 1.055243023560009732e+02 1.039199464389305660e+02 1.110683319668104758e+02 1.085572065053290345e+02 1.340544956388651485e+02 1.951315828488979491e+02 2.542123972848114875e+02 3.584424747097223189e+02 4.603832904824552088e+02 5.502860866373752060e+02 6.150595346843226707e+02
