packages/ProcessModel/processmodel-0.1.0.tar.gz/processmodel-0.1.0/data/dem.asc
ncols         80
nrows         72
xllcorner         534873.8171
yllcorner         5370963.0198
cellsize         360.0
NODATA_value         -3.4028234663852886e+38
[rows 0 to 16 of 72, columns 0 to 36 of 80]
-7.909418092002943546e+00 -7.903887074837429694e+00 -5.866252522502947819e+00 -1.540704750857282201e+00 9.259000109279455160e+00 5.260903528574350929e+01 6.149872449934967733e+01 4.758180137632673024e+01 4.741429707203371180e+01 4.343852595411709672e+01 6.371427864984064371e+01 1.102461129326393916e+02 1.475546690206905112e+02 1.631338507633685708e+02 2.128600167626733253e+02 1.912700222514454822e+02 2.040477316530158873e+02 1.640044489151672451e+02 2.111625440239482145e+02 2.083500936874213494e+02 2.609636864041301578e+02 2.708060176714184877e+02 3.368890790357233982e+02 3.777961436669657473e+02 3.706088023723999072e+02 3.239741718164803501e+02 3.072952723023936414e+02 3.292846041610511065e+02 3.371782054966723763e+02 3.265741524965883968e+02 2.306959602059546057e+02 1.627904485487864861e+02 1.522036672023665176e+02 1.458381265650903060e+02 1.386316363048220239e+02 1.399129420476782570e+02 1.771387534869733713e+02
-7.909315375814941262e+00 -4.316435933789221302e+00 3.693489986200201969e+00 5.600012379992013400e+00 1.140536640747607322e+01 3.559323194407102875e+01 4.654292609949281712e+01 3.695067545726521274e+01 3.984598031494691384e+01 3.962408009379728213e+01 6.158210340470920841e+01 1.118858496214382967e+02 1.719436922351624730e+02 2.018630344473200751e+02 2.429073052271163817e+02 2.248386605220649699e+02 1.953164758365652460e+02 1.863940499788559748e+02 2.309947787992709607e+02 2.763577493370125922e+02 2.754143500552253840e+02 2.884179821032540758e+02 3.296384924060864705e+02 3.831343922914679752e+02 3.785959795642439758e+02 4.019636816141040185e+02 4.029930874485893924e+02 4.146572117549566201e+02 4.062544864010235415e+02 3.734956121706885028e+02 2.732472290566202560e+02 2.214893401274169094e+02 1.946481791519208002e+02 2.053628810654058441e+02 1.512095316731946468e+02 1.336476063542394286e+02 1.328702710988678177e+02
-7.909327656977636956e+00 4.854019873708938171e+00 1.412604389388668480e+01 2.051178937676330349e+01 2.217530636475492400e+01 2.438587143863451345e+01 3.351486158280035710e+01 3.499064803320845130e+01 3.556814158897319800e+01 3.886186959565775823e+01 5.652808968725821614e+01 1.116285118298143999e+02 1.726742518988432096e+02 2.222118244611560556e+02 2.052212512058546281e+02 2.161358488657344310e+02 1.909921552565933212e+02 1.798059240554399025e+02 2.183444547815659291e+02 2.773287975047331884e+02 2.803964547045740119e+02 2.775566999226904272e+02 3.216889793309762808e+02 3.680142200127256729e+02 3.812496971865053297e+02 4.358304800486556587e+02 4.469431560329861668e+02 4.465698233694542409e+02 4.084375862376447799e+02 3.505281150883091073e+02 2.926034159110964765e+02 2.812033587408718631e+02 2.591728943343756555e+02 2.287356022301070197e+02 1.835397598587556729e+02 1.648723608418915205e+02 1.283485568940939459e+02
-7.909333655102631866e+00 3.393507486102624426e+00 4.540242641955822478e+01 5.737960505841382997e+01 5.444727020010203944e+01 2.912874200764062493e+01 4.115659604996048415e+01 4.894968397862905363e+01 3.593986974488025510e+01 4.366597661575901412e+01 5.671757110707191885e+01 1.025830596155265084e+02 1.571285018077291511e+02 1.952745831408957997e+02 2.097344831125566884e+02 1.949892216311567097e+02 1.870226843687343319e+02 1.710803025480370820e+02 2.085560057268130549e+02 2.664917947143696324e+02 2.714982813577399838e+02 2.702472862348295735e+02 3.103158081615604260e+02 3.562157954162760802e+02 3.917319725431464690e+02 4.271373474477330205e+02 4.515472182301702446e+02 4.930697686446340526e+02 4.435171535768984086e+02 4.182134167540936573e+02 3.414411605522575996e+02 3.370719718288239619e+02 3.326018662351125954e+02 2.669925424107649974e+02 2.410107709142184547e+02 2.025701146182338448e+02 1.481489765522173343e+02
-7.909372111254208804e+00 -5.447700468735277468e+00 1.573917276186806014e+01 5.325789702512506807e+01 4.458910118980050896e+01 3.546140374038230192e+01 5.605437488341825514e+01 4.205440891484285260e+01 3.902930386681740771e+01 5.618964343195587929e+01 6.513941997886134061e+01 8.566503117344480245e+01 1.491403132828125138e+02 1.571097346832722224e+02 1.715933418170564266e+02 1.640391091359401514e+02 1.687560989501154154e+02 1.599601619043159246e+02 1.805582953399176631e+02 2.373227649455288315e+02 2.574485239974515025e+02 2.550671410064175575e+02 3.013209463516137703e+02 3.407273009400693695e+02 3.825516837078070580e+02 4.094128531184050530e+02 4.660288633170376897e+02 4.997481976629592282e+02 4.812954496484375113e+02 4.015886404232102791e+02 3.993029173187147762e+02 4.343881528741792977e+02 3.690389595052802179e+02 3.035488902750445277e+02 3.559191440332715501e+02 3.149084525518051123e+02 1.994678702422411902e+02
-7.909328152682955526e+00 -7.893951366644294865e+00 1.353457498725102326e+01 5.288686796322629391e+01 6.748555849156461761e+01 5.726947303502925735e+01 4.121307885172959118e+01 3.395332254030154928e+01 3.748993646907027966e+01 6.534144452526342661e+01 9.839190798701307017e+01 1.122063598928201884e+02 1.307790237562652180e+02 1.392237051376750117e+02 1.391480526755766221e+02 1.410258798218283971e+02 1.471658345801395740e+02 1.576299292617423191e+02 1.772014073110260597e+02 2.154510662966744974e+02 2.423030655161441302e+02 2.393150355033864969e+02 2.696829222592938322e+02 3.051223866993208276e+02 3.538722091052515566e+02 4.203811111546404504e+02 4.694236252750711174e+02 4.286845490204560178e+02 3.470606062871112272e+02 3.534435858629357199e+02 4.374938535160488300e+02 4.378486485258061975e+02 3.893733246024854111e+02 3.983644675254454910e+02 4.922844174843726250e+02 3.830337636373876649e+02 2.706149434533616045e+02
-7.909422799257741055e+00 -7.728992399764197607e+00 2.250591768661823977e+01 6.257368394352660346e+01 4.585763620468748769e+01 2.919957547524569819e+00 4.868842758166354479e+00 1.483365724437842914e+01 2.259728167202095150e+01 3.034411621661672243e+01 6.684234108380347550e+01 1.123490643127441473e+02 1.384976447694577644e+02 1.388986810239983924e+02 1.388880889618982053e+02 1.389001449445528920e+02 1.397713723854773491e+02 1.521977743514633232e+02 1.564060585704831681e+02 1.951845236399124985e+02 2.326185124364392607e+02 2.226882517482162882e+02 2.384477277375590916e+02 2.727256302105351438e+02 3.336480803519439178e+02 3.974932851004671193e+02 4.181884437865052746e+02 2.828894941463177588e+02 2.853692863624215192e+02 3.924389116665377060e+02 4.421320992197302076e+02 4.876155649182719003e+02 4.869841863809134566e+02 5.376753879642752736e+02 4.793022716371427805e+02 3.286923055575392709e+02 2.991543987635946564e+02
-7.909433834144532049e+00 -7.851481755288832076e+00 7.256509660819011387e+00 3.643113125256520846e+01 -1.396691665936704574e+00 -4.220822171573907156e+00 2.876854777884686687e+00 8.968142964745085877e+00 1.063123811199095599e+02 4.262452218580705932e+01 4.191353475074285484e+01 5.272961906185121705e+01 1.121607185825055666e+02 1.131308910598491053e+02 1.391509802830129274e+02 1.391890558573977899e+02 1.390551388292392403e+02 1.495719337563621707e+02 1.600568146966066081e+02 1.800975278083554088e+02 2.190037170169440230e+02 2.126595325059023480e+02 2.130898600813771111e+02 2.359145824670510763e+02 2.991220631753244561e+02 3.704324398192447916e+02 3.481801135706018613e+02 2.504122786746113718e+02 3.342314315117729961e+02 3.557049750679017848e+02 4.350738787435777795e+02 5.459592796997345658e+02 6.065116291548296203e+02 5.784668894633256286e+02 4.217105800222843186e+02 3.591022362794189462e+02 4.452664111177926429e+02
-7.909323820448720177e+00 -7.909021050976979161e+00 -2.846082226964360196e+00 1.247172174932635613e+01 -7.886683433204316529e+00 -7.374246943837963641e+00 5.834174166410155493e+01 1.123073089533319262e+02 2.015307818750521847e+02 1.984425264504130553e+02 1.439164440503106164e+02 7.240195416384874250e+01 6.201127129966963736e+01 7.292535485859490052e+01 7.926272649452376129e+01 1.838658422266642560e+02 1.489440026469006568e+02 1.410540334948630061e+02 1.418038337467279177e+02 1.853832041787109404e+02 2.323708427206983913e+02 2.362360076904296875e+02 2.050370365413428431e+02 1.976008654109964482e+02 2.490091628664081895e+02 2.907418937371519974e+02 2.370641413616002069e+02 2.360222938540057385e+02 2.865791921174931645e+02 3.143230652150676860e+02 4.766209950452378621e+02 5.695533915543459216e+02 6.153198092148810474e+02 5.911025478190382501e+02 4.893603292806829472e+02 5.689537667555432563e+02 5.345657654840589430e+02
-7.909459591277234303e+00 -7.909033014357977898e+00 -7.802707969373317454e+00 2.076491400663001130e+01 -5.115287021788525124e+00 -7.898241964272836313e+00 1.426594811361108306e+01 9.227672894542006077e+01 2.506583032042377397e+02 3.059082820753960732e+02 2.375010823875241215e+02 2.028297123767613925e+02 1.662514038132126473e+02 8.561799988146252360e+01 8.294244635464949056e+01 9.069543463852323839e+01 1.013876631309318554e+02 1.038832685219360883e+02 1.531511962937639453e+02 1.582523786011246045e+02 2.405359593984242963e+02 2.727530642631358546e+02 2.429374896889866022e+02 1.723513938306313378e+02 1.908247185668776069e+02 2.091754148612901929e+02 2.218549157806266123e+02 2.861442209798307204e+02 2.362333097160747855e+02 3.112642846704789008e+02 4.300377584297089584e+02 5.216589707378501544e+02 6.269084107629183791e+02 6.206550548601538821e+02 6.374408024693186690e+02 6.302355967846416434e+02 5.182614362195664626e+02
-7.909469127395731824e+00 -7.909071302574759876e+00 -7.908760365277378135e+00 -6.778961644615076665e+00 -7.861839457600130032e+00 -7.908014391630462825e+00 2.868087230200187410e+00 1.041644809557185027e+02 2.296843302588565905e+02 3.406862605197209746e+02 3.501788164955868865e+02 2.929955949204409080e+02 2.659918443441576414e+02 1.922472216410595820e+02 1.142764413581564042e+02 1.074125462252738856e+02 1.216747311350979288e+02 1.064286136932793312e+02 1.038832885219360804e+02 1.069104600824037732e+02 1.462553805353969381e+02 1.280968178507005462e+02 1.322552841855025179e+02 1.469521094369782475e+02 1.706406642593680942e+02 1.670789059877960199e+02 1.783285519160050967e+02 1.820866356857663391e+02 1.974179969365407601e+02 4.018237645316917224e+02 4.997940782966094844e+02 5.382158210388591897e+02 5.981825493866542729e+02 7.381404499662095304e+02 7.192951100827767732e+02 6.265499237405377926e+02 5.121795084151871151e+02
-7.909503192574258712e+00 -7.909113243172473773e+00 -7.908798640357150411e+00 -7.908489953515671189e+00 -7.908308759753694517e+00 -7.908022183135106964e+00 -2.028212878693459675e+00 5.963502051209260202e+01 2.032226019527042808e+02 3.688090070795956308e+02 3.737448017545984840e+02 3.659934934513196936e+02 3.559699052696354897e+02 2.968724500719849289e+02 2.526225407689771600e+02 2.301746340561694524e+02 2.082540712695395371e+02 1.767023906743348221e+02 1.497980000252563570e+02 1.113378230355994560e+02 1.153851484864042618e+02 1.227883728843124231e+02 2.052255363971751763e+02 2.573407025366910261e+02 2.452859735169190571e+02 1.933532536001927156e+02 1.486267347363133240e+02 1.579837432008091866e+02 2.801560780919952549e+02 3.576178875012172966e+02 4.671486982108367556e+02 5.297355530501025669e+02 5.748515773807695268e+02 7.413324877929687773e+02 6.753623397431626927e+02 5.787023211257969706e+02 4.776017171099016991e+02
-7.909957164833521404e+00 -7.909156863301245899e+00 -7.908850411454668716e+00 -7.908668496758684441e+00 -7.908381832990992066e+00 -7.908076323468630875e+00 -2.950926971953108158e+00 4.430894010368791669e+01 1.756562603795707957e+02 3.373740267487927440e+02 3.721023639970612749e+02 4.003760372519744806e+02 4.252091582049113754e+02 3.965431574122517304e+02 3.751104024996541852e+02 3.727662627087441933e+02 2.786102695964225973e+02 2.900151280092389356e+02 2.649041937971377934e+02 2.055562507992698897e+02 1.667621036695332464e+02 2.052209983002475440e+02 3.038731190196255056e+02 3.395516264262952291e+02 2.713215888187802989e+02 2.461280944703813418e+02 1.366543399744817009e+02 1.411337640219084619e+02 2.716805592928799342e+02 2.803179720598379276e+02 4.248305958511540439e+02 4.685575173178038995e+02 5.591800180742817474e+02 6.643918513330919495e+02 6.806732714981682193e+02 5.614845578242006923e+02 5.775763760297726321e+02
-7.909464214236818336e+00 -7.909219050538285778e+00 -7.909004594493368678e+00 -7.908731175153592474e+00 -7.908510027321646874e+00 -7.908040755023480806e+00 -7.615050627644955661e+00 1.943426774969338666e+01 1.780655519175552399e+02 2.763721923979351800e+02 3.750780751150614378e+02 4.154124713409334504e+02 4.515658137844378075e+02 4.538671696628792915e+02 4.499783206589642646e+02 4.661862322188549115e+02 4.057040738152185781e+02 4.310845226870837337e+02 4.083706689927927869e+02 3.466856242134225567e+02 2.822741564220478381e+02 2.290943386709113838e+02 2.800314593146828770e+02 3.065196172637057543e+02 2.280116422098819555e+02 2.298651950116257296e+02 1.263340834131286243e+02 1.925174447973291478e+02 2.604029433131412929e+02 2.446716844982813086e+02 3.564792060956427235e+02 3.881466178560330036e+02 5.512678010061135865e+02 5.739919745624333700e+02 6.512304495392943409e+02 6.599398940189548739e+02 6.215373856055891792e+02
-7.909436856495838164e+00 -7.909086864363647607e+00 -7.908827704111031309e+00 -7.908628814685870090e+00 -7.908364074179528913e+00 -7.908135244653375473e+00 -6.400515432572246866e+00 1.373146705943034007e+01 1.243421588435599148e+02 2.218921202282152194e+02 3.757131494191807519e+02 3.824227916440925128e+02 4.024386047318583337e+02 4.130005005043115034e+02 4.763830360540441688e+02 4.799360220877615575e+02 4.768659619794993887e+02 4.745273929943722351e+02 4.079328038468517548e+02 3.714736434667169078e+02 3.099776471786307184e+02 2.460511728849407120e+02 2.368155910865649503e+02 2.331282156683474227e+02 1.886720893684155840e+02 1.745227678818092159e+02 1.025546847746805810e+02 1.421364255105454504e+02 1.890725612335847643e+02 2.229547281721753222e+02 2.578664520049165958e+02 3.039049364607781172e+02 4.270395318702798022e+02 4.142651199375187048e+02 6.032895003033739840e+02 7.554405375735860844e+02 7.005465114529846460e+02
-7.909506162494476911e+00 -7.909017174234429071e+00 -7.908730464757486978e+00 -7.908478602018807813e+00 -7.908298821305576709e+00 -7.907977400902998610e+00 -7.870008875913607760e+00 2.025216293158551117e+00 8.768121835179644563e+01 2.748983629600702443e+02 3.360372978831219370e+02 3.701610374555853014e+02 3.530862374157343879e+02 3.408075435057826894e+02 4.312410067699965452e+02 4.828112594557726993e+02 4.873649043861886412e+02 4.867354416704459936e+02 4.097710722567576340e+02 3.226773926989303618e+02 1.615045522071034725e+02 1.120539643188631942e+02 1.132746649747978438e+02 1.565656160383027213e+02 1.032783240929280737e+02 8.587238278849403628e+01 8.800956191308419818e+01 9.230777980174430297e+01 1.113057436624996086e+02 1.715779713536750251e+02 2.076006178837181722e+02 2.313135682475354429e+02 2.914270886211367610e+02 3.944411432591406879e+02 5.175714199162572413e+02 6.950128979516520076e+02 6.989929248518054692e+02
-7.909500132244672521e+00 -7.909070606076257448e+00 -7.760469541219576328e+00 -7.085823603600386100e+00 -7.903648751776747083e+00 -5.607090716101509997e+00 -2.393360395029434429e+00 9.507635601374097689e+00 4.255902719087190178e+01 2.020787352103962462e+02 3.544967683260435365e+02 3.762819460818108155e+02 3.422942590964944429e+02 3.181395165328654002e+02 3.736726862241652611e+02 4.371461821770895426e+02 5.190832629634077193e+02 4.655218802071743198e+02 3.485210555145283138e+02 2.018166223306819234e+02 8.753919832278856461e+01 8.520421426351542493e+01 8.520419426351543279e+01 8.520417426351542645e+01 8.520415426351543431e+01 8.502027310743960697e+01 8.500607016262854643e+01 8.500677424836013074e+01 8.500694988845911837e+01 9.234315935199580849e+01 1.204282392705335099e+02 1.566870834795254837e+02 3.050596995765311021e+02 3.024227589484942200e+02 4.372182465456844511e+02 6.309047603397950752e+02 6.325518785568348221e+02
