packages/ProcessModel/processmodel-0.1.0.tar.gz/processmodel-0.1.0/data/dem.asc
ncols         80
nrows         72
xllcorner         534873.8171
yllcorner         5370963.0198
cellsize         360.0
NODATA_value         -3.4028234663852886e+38
[rows 51 to 67 of 72, columns 37 to 73 of 80]
7.316662413933950404e+01 2.446881545119140355e+01 2.179199575607847095e+01 2.066912561817582272e+01 2.253032990616048892e+01 2.228082254879769053e+01 2.202504503268064440e+01 2.192260006244579529e+01 2.258694428318962721e+01 2.577661000179455897e+01 2.540302086414975946e+01 2.438201199944344211e+01 2.777120206607618158e+01 3.561783542873753561e+01 7.733419638598039114e+01 9.210227576234606772e+01 9.508773670806884581e+01 9.202016213169640935e+01 9.583724574405157171e+01 9.442962721347019794e+01 9.155648234878219682e+01 9.362828081478772901e+01 1.158585815699112658e+02 1.028010109739973075e+02 1.022700771528521244e+02 1.016639078180419205e+02 1.042081012140283462e+02 9.471493264535845924e+01 9.930089393358552741e+01 9.411320752416750679e+01 9.549028845740633642e+01 1.404363381893711562e+02 1.823526776020623288e+02 2.538141812868169325e+02 3.670231880630719843e+02 4.486110127954266318e+02 5.041403760026825012e+02
4.131936809024688273e+01 1.765912117323710007e+01 1.860827034687770976e+01 1.815584726668508964e+01 1.811796201673235274e+01 1.912027860437994420e+01 2.053586724980485556e+01 1.988331536144054468e+01 2.012899649637768817e+01 2.151164374298346615e+01 2.271031684321761901e+01 2.348972699215405768e+01 3.384321350722784416e+01 4.338603646124700930e+01 7.907617298996267152e+01 8.971931826412028954e+01 8.710706892617754704e+01 9.077543699049662962e+01 9.210580002665520283e+01 9.123256709395283792e+01 9.386866441962604313e+01 9.698144217869095485e+01 1.151162089992059663e+02 1.081870910020040242e+02 1.053805510475546185e+02 1.043853366244411234e+02 1.016483752919613579e+02 8.544967803331294931e+01 9.218583307166079521e+01 8.608350280369072038e+01 8.233135036517592198e+01 1.065329704850941113e+02 1.438139235755595564e+02 1.921452997971440766e+02 2.607674404910821409e+02 3.242159132727964561e+02 3.775788243747782076e+02
2.628631460810160192e+01 1.599715269901585835e+01 1.479558187100176880e+01 1.549643709241404288e+01 1.641094092370107305e+01 1.730516801866480492e+01 1.776826339839022140e+01 1.926380917994664443e+01 2.039298151987973284e+01 8.086870126288654603e+01 1.138694771722190779e+02 1.472846587498982842e+02 1.332714572208085144e+02 9.623792318994387074e+01 8.256802128377556471e+01 7.351647819457041066e+01 7.820633896728065793e+01 7.878770557238254924e+01 8.533754822158176978e+01 9.228367155726965620e+01 9.302664288613945587e+01 9.479435665644047049e+01 1.023392323267087676e+02 1.067094867165531298e+02 1.021407178500220425e+02 1.024671576330963205e+02 1.010882915000273812e+02 7.804155341190403306e+01 7.414730513511537424e+01 7.769632310060313785e+01 7.507717920008407475e+01 8.866324278041665252e+01 1.098261785322318644e+02 1.427365275921745535e+02 1.960621846965013901e+02 2.324555770657839560e+02 2.696293176778656857e+02
1.447253888897239626e+01 1.083023495290424520e+01 1.324555198157056246e+01 6.845083877982241916e+01 7.329274859850568191e+01 7.665884039409871775e+01 6.343963163465077315e+01 4.626479257481879870e+01 9.240529597066179690e+01 1.265151253566908736e+02 1.992594204684233716e+02 2.038887337896335907e+02 1.436136694343186377e+02 1.408705828853627509e+02 9.488605193388114856e+01 7.075065588401729144e+01 6.389785623618794119e+01 7.810876258131773398e+01 8.827942426745900661e+01 8.965638588327131231e+01 9.194203507558187027e+01 9.382479701412631812e+01 1.001128757261548827e+02 1.011905091806831507e+02 9.612109209078401761e+01 9.461180859573612167e+01 8.615766109126528249e+01 7.271845273753159233e+01 6.671174711596633244e+01 6.773477443967645684e+01 6.744360509446786978e+01 7.925745770438328464e+01 9.165724143727531725e+01 1.105308313554447750e+02 1.394698616508697171e+02 1.651383645166155532e+02 2.061159765592850306e+02
1.088964666300608997e+01 1.083021495290424419e+01 3.026501870372792524e+01 7.041547804559931478e+01 7.147145696676292914e+01 7.447348118102058834e+01 3.518628359151365004e+01 4.611897045735558720e+01 1.156734756557445536e+02 1.494700090712705389e+02 1.310560615343261759e+02 1.349151052670118816e+02 1.650908130257188020e+02 2.009657274295072966e+02 1.296794286776885201e+02 7.889588834251647143e+01 6.012806270403083175e+01 6.724012877340176431e+01 7.114986211089666313e+01 8.292003723346482502e+01 8.744856878678766066e+01 9.115270528376569814e+01 9.369826924739541596e+01 9.183903436729772807e+01 8.820685099855350586e+01 8.106090770830631698e+01 6.975739904625496024e+01 5.666556484688084083e+01 5.774688014781465029e+01 5.660124550586390058e+01 6.266448273742872033e+01 7.414475686202685267e+01 8.488287641811356821e+01 9.671844198830785899e+01 1.201096211453125733e+02 1.352090541087370354e+02 1.440948803845573991e+02
1.076087091356312797e+01 1.385817053071211902e+01 2.545606920481397495e+01 7.251666878294393825e+01 6.618224416423846890e+01 6.950512714758713173e+01 3.198674781464252348e+01 4.630930020156100824e+01 1.009544773564505817e+02 1.195187421308788629e+02 1.095752674857994862e+02 9.623308281335107495e+01 1.313974876358123538e+02 1.880720415547688731e+02 1.275969037463879800e+02 5.200590805662348970e+01 5.329320799496472461e+01 7.564922096744518853e+01 7.738478609248410578e+01 7.909032157675251540e+01 8.852741072190949012e+01 8.958387367384598576e+01 9.151378608459073405e+01 8.693437301701759168e+01 8.039155600509766941e+01 6.633856302701387619e+01 6.129368412542231681e+01 5.001700047937777782e+01 4.632823800951151583e+01 5.286648362231526477e+01 5.279242160575563503e+01 6.798303124808099085e+01 7.464623996128574390e+01 8.368979969264584895e+01 1.081783131878967055e+02 1.168635028282441652e+02 1.200241971175252189e+02
8.869223339697230202e+00 1.207384268895379442e+01 5.484551320738408720e+01 7.057904538665295036e+01 5.993953988224065910e+01 5.324146050854025702e+01 3.864289917344838443e+01 3.143785551555830793e+01 6.516548095005407504e+01 6.493184498805625537e+01 6.110198257193111715e+01 5.085231438532408532e+01 5.300534871695293049e+01 1.108785683747871502e+02 7.053237631014489750e+01 4.629864507961053022e+01 7.401333498792844523e+01 8.939165790743135176e+01 9.682977495973881332e+01 8.614504393554989292e+01 9.242650498081439991e+01 9.510305104754777972e+01 8.738913835888483561e+01 8.245354361150889133e+01 7.294418008448062096e+01 6.297232446668851225e+01 5.388572513355535420e+01 4.307837489668420972e+01 3.780678221511664105e+01 3.837078650155006443e+01 4.409226484116354783e+01 5.367800151373469220e+01 6.066364141120892128e+01 6.625519572229586629e+01 8.432371900172449841e+01 9.902453964658654684e+01 8.967336933982431901e+01
8.538983014547254058e+00 1.142959240737009452e+01 5.495696344850215809e+01 6.660245512183358585e+01 5.634294229366457785e+01 4.146513666025578004e+01 4.143057782436582670e+01 2.958885926515445774e+01 3.217188567664659615e+01 1.685015616848041375e+01 1.470455170167894821e+01 1.406627968737142709e+01 2.442407693832338111e+01 6.684188755394900738e+01 5.418009228765228613e+01 3.223059420961617860e+01 7.599213398586620372e+01 9.326369793058020718e+01 9.412975898693454724e+01 9.270977735168456491e+01 9.244763011152970478e+01 9.288118114639217993e+01 8.303409339575021875e+01 7.596672133804635507e+01 6.768410437886024056e+01 5.381234213337279471e+01 5.135688723888242180e+01 4.005674053611253527e+01 3.790153941415795913e+01 3.098541932468079452e+01 2.988293570775153185e+01 3.675330755772168345e+01 4.318195444450633147e+01 5.708112487490081577e+01 6.940569773478098625e+01 7.756488477213646604e+01 5.978713798764899678e+01
8.299468808109303097e+00 1.101985718266478109e+01 4.510941097691121371e+01 5.745613011757345134e+01 4.744034465795038358e+01 2.542463991192395056e+01 2.688940976676441608e+01 2.083457232340042253e+01 1.208755175652732916e+01 1.077540124508999320e+01 1.148208335482391895e+01 1.157868952321406120e+01 1.176224395684936752e+01 1.244616785446700646e+01 1.777629366881084394e+01 1.923579536052691097e+01 6.510583172774896354e+01 8.672412795022565035e+01 8.327301205766795533e+01 8.693914173940282808e+01 8.776326773099809486e+01 9.905343314722964010e+01 7.692093136561055644e+01 6.581293840151280961e+01 6.049487108543795699e+01 5.448636807029811280e+01 4.581675012458156715e+01 3.645614474763392110e+01 3.351869306294032214e+01 2.720453608354618780e+01 2.801225736993792736e+01 2.485753095960090775e+01 2.485348499692923596e+01 2.797002598225209269e+01 3.851521939118487126e+01 4.990142847009456517e+01 3.064387578051825045e+01
5.726958526554335016e+00 9.756304265297691458e+00 1.220917953070630446e+01 2.058488715640677214e+01 1.019268080455185910e+01 9.968113980795969553e+00 1.458899205540003585e+01 1.215576675619714031e+01 1.071574739750663419e+01 1.066573439695288350e+01 1.163453823355153283e+01 1.189526921830741735e+01 1.262565898433966716e+01 1.264083688058981103e+01 1.431628823394334482e+01 1.456517867537877997e+01 5.043639076183207237e+01 7.496383868601526501e+01 6.220153768771245240e+01 7.692149256423381587e+01 6.881132027284098740e+01 7.614853912012537762e+01 6.971267754093071289e+01 5.621012003578247374e+01 5.224718589386105805e+01 6.175117040629688603e+01 5.808920891663864694e+01 2.576592293874699280e+01 2.650542815496249105e+01 2.596255915095670019e+01 2.417954928826128125e+01 2.252200959467704422e+01 2.233944105126651181e+01 2.240616796818367717e+01 2.275811090467489350e+01 2.276481553856634577e+01 2.318357268359644507e+01
6.399888553565245886e+00 9.061818290436532308e+00 9.074892165249435649e+00 9.085621464447140028e+00 9.095169148897207734e+00 1.044889639566079609e+01 1.014575539055680409e+01 1.058246361343167408e+01 1.064789727499616667e+01 1.072694049092214819e+01 1.225277522141853481e+01 1.307690280344779055e+01 1.275482861166588933e+01 1.281013501837892399e+01 1.329671759465690073e+01 1.518088063735762816e+01 3.097323005741770174e+01 4.976066231797597084e+01 3.514118647031369846e+01 4.395854885823781188e+01 4.233408986966132659e+01 5.495828152741463413e+01 5.595041938267214476e+01 3.823546889126495785e+01 3.866483276339830866e+01 5.645381868263715575e+01 2.733424535831690605e+01 2.109482194088020890e+01 2.153820540354294266e+01 2.164685606923971761e+01 2.151505795155767586e+01 2.114720970573553771e+01 2.111835723972749435e+01 2.118088802315708818e+01 2.168888704822806801e+01 2.286378099377949979e+01 2.228181903136234610e+01
9.055550440956729119e+00 9.061160198264316179e+00 9.114792604765145967e+00 9.086043867003057883e+00 9.126893065361228352e+00 1.005037005170833631e+01 1.006082926909376596e+01 1.003991151880121535e+01 1.065696819614966628e+01 1.068617955031944966e+01 1.159228737616637872e+01 1.313132507942423999e+01 1.282113180243509021e+01 1.287962876988458660e+01 1.324074347728474699e+01 1.381220836835729138e+01 1.546396611007690503e+01 1.537714409351654687e+01 1.554437419083756033e+01 1.777966665508562727e+01 1.978444263078711174e+01 2.210963530124406873e+01 2.490154173837754925e+01 2.010693259446655290e+01 2.490840299643593170e+01 2.069528064293429637e+01 2.066107462172368159e+01 2.077050290939910937e+01 2.066825972538166312e+01 2.007119844695928279e+01 2.068072871022608794e+01 2.050251953945465999e+01 2.054696324272826047e+01 2.061626190537115377e+01 2.141140402098888984e+01 2.188292663118732406e+01 2.083457821103896279e+01
8.939305214208049577e+00 9.072518361841469314e+00 9.483610977663007091e+00 9.455981165304091718e+00 1.003025443401533323e+01 1.003912362503990430e+01 1.003504716411365649e+01 1.054889629026627418e+01 1.076522942148913842e+01 1.068873933991419278e+01 1.151904641783119843e+01 1.274575761061027457e+01 1.295344228714132129e+01 1.293914665342903803e+01 1.364327640602828673e+01 1.389340926118743447e+01 1.400823965893396306e+01 1.455348201541060504e+01 1.527798003420909723e+01 1.608393746710779126e+01 1.737395695023251818e+01 1.819262212834366110e+01 1.909826553846102470e+01 1.882817834885053898e+01 1.894940720413666213e+01 1.954633753516944594e+01 2.036168173427697781e+01 2.015088154724555380e+01 2.012089844785196036e+01 1.907520358410220140e+01 1.951034049901499046e+01 1.942217495814752226e+01 2.053946032966346280e+01 2.054783625340463615e+01 2.094036313843459141e+01 2.185693714168153790e+01 2.028294914369114821e+01
8.795843431210341734e+00 9.199117317813811923e+00 9.435349364039836928e+00 1.000222078770142353e+01 1.001129968637288670e+01 9.929866446107920908e+00 1.065601269047248323e+01 1.082621857331538706e+01 1.096214370597538768e+01 1.134338279595511345e+01 1.193201138793073568e+01 1.224977688206182869e+01 1.270176126401110572e+01 1.308737737262757328e+01 1.364935809214006923e+01 1.376270063530856369e+01 1.412464721250239208e+01 1.454274580737189204e+01 1.552894422108926165e+01 1.615800240387182640e+01 1.727996452304295261e+01 1.765574385443374794e+01 1.773565861026016677e+01 1.812920028851262089e+01 1.846311185392035625e+01 1.908785676847236701e+01 1.971319501422349418e+01 1.949108080178388391e+01 1.926965729543559291e+01 1.902282467895840767e+01 1.921740339102305839e+01 1.861037077331977940e+01 1.827600634636363708e+01 1.941473991124906817e+01 1.973346960243685544e+01 2.159660412889299508e+01 1.998181076776710796e+01
8.429566137135909187e+00 9.511435348323887595e+00 9.988494055440618524e+00 9.994118874573221234e+00 9.436388548080234528e+00 9.886930152082003431e+00 1.021231248630050459e+01 1.108665747175260741e+01 1.090624173717804091e+01 1.141238620546600835e+01 1.217398026619518703e+01 1.218379700657572684e+01 1.269500306757564623e+01 1.302604946557522858e+01 1.339419419909303421e+01 1.419123032022986841e+01 1.432293924019461429e+01 1.491691850343673309e+01 1.549615109678890867e+01 1.584319956915003047e+01 1.670279250411392979e+01 1.696292707148757017e+01 1.705606634438080604e+01 1.812839282224274839e+01 1.814611827633818919e+01 1.862690971226687608e+01 1.861753829083805201e+01 1.930282514186801279e+01 1.890583224346203650e+01 1.900843384983140183e+01 1.830491572392744359e+01 1.677608544304054661e+01 1.791112142893916470e+01 1.865720431770062504e+01 1.937994918258210930e+01 1.958887490845737389e+01 1.978974714554504999e+01
9.435945088736483299e+00 9.997179047937402530e+00 9.858003264839473090e+00 9.336976082505445973e+00 8.933934537837538770e+00 9.593354383305879196e+00 9.782103199212469846e+00 1.079567640807900553e+01 1.095674000513619362e+01 1.125067145839198979e+01 1.178059720544659861e+01 1.220661935823189381e+01 1.234573936531868377e+01 1.345070333312527922e+01 1.422828691859676020e+01 1.426084667869084655e+01 1.449004035430519899e+01 1.497997396896930233e+01 1.513741390956858268e+01 1.615284735724312881e+01 1.607168869753881069e+01 1.663195971681387775e+01 1.684745321352067293e+01 1.737567135302096588e+01 1.783296982591338065e+01 1.809567312648703918e+01 1.864575785071599512e+01 1.836841149403559825e+01 1.802548488173576047e+01 1.790785006307186933e+01 1.672332238958555095e+01 1.613177088290406758e+01 1.686976251902411761e+01 1.841332679770416902e+01 1.887149088340419922e+01 1.728839373541989133e+01 1.637843005302181965e+01
8.613272624720673676e+00 8.920059999470286272e+00 9.025293072260007321e+00 8.732661377705191796e+00 8.780116579979035052e+00 9.598223412679736555e+00 9.603339630293188378e+00 9.715407304567641233e+00 1.173016066987556272e+01 1.187709080184674093e+01 1.208443507548200913e+01 1.281762660277725274e+01 1.366227473581175644e+01 1.378264491921524382e+01 1.435912576633942273e+01 1.459611004405726398e+01 1.480922981622290813e+01 1.478012383971611676e+01 1.489578426063682848e+01 1.510786015144784500e+01 1.562422648112615065e+01 1.608983371584997357e+01 1.684088459837152385e+01 1.738490738393088364e+01 1.755416025517841661e+01 1.796364704192606965e+01 1.848486625418408025e+01 1.809934269379089855e+01 1.716084585314483846e+01 1.662951519159808100e+01 1.666597791035970388e+01 1.387204906017545802e+01 1.417879157639907284e+01 1.629428126137791111e+01 1.476057259385254206e+01 1.479885729844592390e+01 1.524720170360855498e+01
